   -0.04178626
    0.00714073
   -0.00407495
   -0.03500620
    0.00366960
   -0.00379369
    0.03844421
    0.04043328
    0.02191086
   -0.04254368
    0.05678635
    0.03912010
    0.03864948
   -0.01906865
    0.02693230
   -0.03333657
    0.04337831
    0.03159945
    0.05747629
   -0.01658472
   -0.02981538
   -0.02599025
   -0.03373505
   -0.04227152
    0.05187851
    0.05484751
    0.06185758
    0.06784270
    0.01176562
   -0.06951230
    0.37945884
    0.02748051
   -0.03781976
   -0.51408582
    0.00218928
   -0.03158994
    0.00649659
   -0.02412999
    0.22262177
    0.20421344
   -0.01955986
    0.05385530
   -0.00985224
    0.05034151
   -0.28142837
   -0.29008504
    0.04069553
    0.03952975
    0.05168884
    0.02412895
   -0.06986572
    0.37116101
    0.03063965
   -0.03378175
   -0.51727785
    0.00203338
   -0.03883658
    0.00118824
   -0.02260057
    0.21030825
    0.21214010
   -0.01613853
    0.05448146
   -0.01451061
    0.04225662
   -0.30312945
   -0.28883651
    0.03721693
    0.04561869
    0.05200263
   -0.00238536
   -0.03762371
   -0.03355432
   -0.04020160
    0.03318746
   -0.03448212
    0.03011887
    0.01043438
    0.04261718
    0.03679326
   -0.01088000
   -0.03281482
   -0.02656714
   -0.04154223
    0.03252124
   -0.03399219
    0.02537220
    0.01505948
    0.03339413
    0.03448858
    0.00149651
   -0.03769180
   -0.03951013
   -0.04205561
    0.02927144
   -0.03589146
    0.03464978
    0.01642414
    0.03025660
    0.03645755
   -0.00916160
   -0.02892119
   -0.03630374
   -0.03759693
    0.02993984
   -0.02955509
    0.03241826
    0.01097743
    0.03713604
    0.03412710
   -0.05699117
    0.04563179
    0.03689356
   -0.04320882
    0.02164832
    0.03119205
   -0.04848143
    0.02054793
    0.01905829
   -0.04473288
    0.02929653
    0.02424659
   -0.04055151
    0.02249658
    0.02714943
   -0.03847914
    0.01652412
    0.01790145
   -0.05721400
    0.03572868
    0.02825976
   -0.04043608
    0.02805870
    0.03237085
   -0.04672965
    0.02630864
    0.01315519
   -0.06596849
    0.04014455
    0.03563665
   -0.03347349
    0.01963936
    0.01628027
   -0.05074905
    0.02233958
    0.03321421
   -0.04647684
    0.02225550
    0.02439813
   -0.04283507
    0.01928713
    0.02516114
   -0.05559078
    0.02396928
    0.02690626
   -0.06310513
    0.02876518
    0.02116534
   -0.05084559
    0.02598626
    0.02447576
   -0.03447269
    0.02221917
    0.02168462
   -0.03371471
    0.02248076
    0.01654739
   -0.03500413
    0.03201649
    0.01422970
   -0.08420867
    0.03215036
    0.02478968
    0.03252885
   -0.08475978
    0.02612400
    0.02766672
    0.03156079
   -0.08314163
    0.03169503
    0.02626960
    0.02979707
   -0.07912619
    0.03449245
    0.02967812
    0.02098851
   -0.03728557
    0.00213520
    0.00111669
   -0.04342903
   -0.00450853
   -0.00140186
    0.04010421
    0.04512116
    0.02263789
   -0.05051775
    0.05418580
    0.04176917
    0.04285324
   -0.02701686
    0.02620553
   -0.04046529
    0.05061807
    0.04284989
    0.04038497
   -0.01287842
   -0.03012588
   -0.02545051
   -0.02039627
   -0.03175485
    0.04973338
    0.05147854
    0.07084617
    0.06549403
    0.01985627
   -0.06037888
    0.36174974
    0.02978474
   -0.02829688
   -0.51985953
   -0.00528067
   -0.04232844
    0.00820099
   -0.02138226
    0.21192700
    0.21744428
   -0.02192100
    0.06082823
   -0.00847969
    0.05230589
   -0.29926017
   -0.29444958
    0.03837699
    0.04687691
    0.05376975
    0.01504790
   -0.07485618
    0.38030606
    0.02884989
   -0.03300506
   -0.50043323
    0.00066897
   -0.04618041
    0.00327190
   -0.02605154
    0.21436029
    0.21523531
   -0.02643347
    0.05653833
   -0.00890369
    0.05621789
   -0.29018038
   -0.28824848
    0.04080645
    0.03902769
    0.05274756
    0.00142838
   -0.04059690
   -0.03426671
   -0.03924639
    0.02842763
   -0.03485858
    0.03532359
    0.00083243
    0.03707208
    0.03471601
   -0.00405518
   -0.04333056
   -0.03983567
   -0.03429693
    0.03322618
   -0.03212858
    0.03425344
    0.01184661
    0.02593251
    0.03462077
    0.00201585
   -0.04097153
   -0.03442221
   -0.03496534
    0.02705708
   -0.03601652
    0.03551170
    0.01085200
    0.03458712
    0.03048556
   -0.00880058
   -0.03322493
   -0.04105887
   -0.04297521
    0.03279320
   -0.03057221
    0.03204803
    0.01570315
    0.03814354
    0.02896061
   -0.05838670
    0.03183238
    0.03282301
   -0.05180001
    0.03145788
    0.03407099
   -0.04021035
    0.02184646
    0.01284675
   -0.04751725
    0.03216516
    0.03044236
   -0.05253836
    0.02562154
    0.03171091
   -0.05400614
    0.03114609
    0.02870548
   -0.05152920
    0.03600413
    0.03073569
   -0.04173280
    0.02111393
    0.02785595
   -0.05343253
    0.02975359
    0.02636384
   -0.05323929
    0.02915229
    0.02891312
   -0.04000407
    0.02582698
    0.03226577
   -0.04951970
    0.02977712
    0.02819213
   -0.04637833
    0.01843846
    0.02170142
   -0.04736770
    0.02287677
    0.02073562
   -0.05195061
    0.02497666
    0.02556445
   -0.06525655
    0.02566019
    0.03597018
   -0.03584107
    0.01598653
    0.02093368
   -0.03490980
    0.01841166
    0.01851422
   -0.03913336
    0.02853022
    0.02874360
   -0.04999800
    0.02548815
    0.02769013
   -0.07150520
    0.01864661
    0.03351358
    0.01878456
   -0.09116954
    0.03065577
    0.02290563
    0.03531909
   -0.08015767
    0.02946416
    0.02731444
    0.02852814
   -0.07834896
    0.01820848
    0.03010098
    0.02730088
