           1           2   1.4596907569477988     
           2           3   1.3024319861882665     
           3           4   1.3114371597666818     
           4           5   1.5048465573579490     
           1           6   1.3366795922296157     
           5           6   1.2647096252360099     
           1           7  0.97054689189589372     
           4           8  0.96948939116347910     
           2           9  0.98319587394003694     
           9          10  0.95486614193711195     
           3          11   1.1497974520393883     
          10          11   1.4197269723020076     
          10          12   1.3296445446252858     
          12          13   1.2703369354270366     
          11          14   1.1309376790827703     
          13          14   1.0758648306868910     
           5          15  0.98066633832151773     
          15          16  0.95290644437680172     
           6          17   1.1612465610423985     
          16          17   1.4565407049738872     
          16          18   1.3056274902799978     
          18          19   1.2898931009994230     
          17          20   1.0848524150033640     
          19          20   1.1273881740457505     
          13          21   1.4035163199804226     
          12          22   1.1125208348258377     
          18          23   1.1006194026980363     
          19          24   1.3483466465391487     
          21          25   1.4058445852695935     
          22          25   1.0536571983385756     
          23          26   1.0643868028641554     
          24          26   1.4269617364978984     
          21          27  0.96216250336930487     
          24          28  0.96431913371496636     
          26          29   1.2243979196705539     
          29          30   1.5672318216994932     
          30          31   1.0259022607396000     
          30          32   1.1080199822914059     
          31          33   1.0562819841085402     
          31          34   1.6898845384784900     
          32          35   1.0486520433738207     
          33          35   1.2964341579443075     
          32          36   1.5542967064110478     
          33          37   1.3948864603489419     
          35          38   1.4400356128611125     
          36          39   1.0480591023681591     
          36          40   1.1241561662601389     
          37          41   1.4381819790257064     
          37          42  0.96869443522513177     
          33          43  0.10283741793102720     
          38          43   1.3968357957363604     
          41          43   1.4517753143039358     
          38          44  0.96980884740660611     
          39          45   2.8307978312642410     
          32          46  0.10109635401092956     
          40          46   2.7613968053410529     
          41          47  0.96993959524472240     
          43          48  0.97170387438433548     
          29          49  0.95856462594753544     
          25          50   1.2417776759097894     
          50          51   1.5237684033430512     
          51          52   1.0547861273394137     
          51          53   1.1425284533017470     
          52          54   1.0163920401280673     
          52          55   1.6859312686038794     
          53          56   1.0779068818209294     
          54          56   1.3403830266187351     
          53          57   1.4697908356322531     
          54          58   1.3901539858662588     
          56          59   1.3835516784401187     
          58          59  0.10634203375035385     
          57          60   1.1491510867358710     
          57          61   1.0916059133528555     
          58          62   1.4335385110536856     
          58          63  0.96945381750689108     
          59          64   1.4343600777764831     
          62          64   1.4293511503378582     
          59          65  0.96641496478625089     
          53          66  0.10161390587499416     
          60          66   2.7421157526300157     
          61          67   2.7876175506725001     
          62          68  0.97185526015649182     
          64          69  0.97395445757576726     
          50          70  0.95511101953219102     
          15          71  0.94840490277613754     
          71          72   1.4162281229233586     
          71          73   1.3997045626549243     
          72          74   1.4479992567940707     
          73          74  0.10718477239863915     
          72          75  0.97568751745090510     
          72          76  0.10317300911940268     
          73          76   1.4594504852590602     
          73          77  0.97179894239804143     
          71          78  0.11173137960915042     
          74          78   1.3994285395084531     
          76          78   1.4019186939836661     
          74          79  0.97488720250777894     
          76          80  0.97067230478185451     
           9          81  0.94719270568555625     
          81          82   1.4171187574252773     
          81          83   1.3978791020321149     
          82          84   1.4477304601559993     
          83          84  0.11494726426903512     
          82          85  0.97394644041927791     
          83          86   1.4518603993664165     
          83          87  0.97156800541729782     
          81          88  0.11079957528535483     
          84          88   1.3969050480576009     
          86          88   1.4240920314552274     
          84          89  0.97194293388996800     
          86          90  0.96497647195313352     
           9          91  0.95884135487927569     
          91          92   1.4597739151950899     
          91          93   1.3697300248213562     
          92          94   1.3959946508870718     
          93          94  0.11789969816928790     
          92          95  0.96992043271102724     
          92          96  0.10839963657265680     
          93          96   1.4704627944355129     
          93          97  0.97412540799227298     
          94          98   1.4486115867840632     
          96          98   1.3829971393493674     
          94          99  0.97225302840275230     
          96         100  0.97447713009306780     
          15         101  0.96071940284556467     
         101         102   1.3831444352539788     
         101         103   1.4030450303998290     
         102         104   1.5028649474257758     
         103         104  0.11076210309417615     
         102         105  0.96907251915964709     
         103         106   1.4432960060526461     
         103         107  0.97356733273283036     
         101         108  0.12367391917999364     
         104         108   1.3468086909472217     
         106         108   1.4489091085928596     
         104         109  0.97265654363903598     
         106         110  0.96508816868994995     
          98         111   1.0096212939220548     
         111         112  0.96702202865170039     
         111         113  0.97429089193301843     
         111         114  0.99081718865865742     
         114         115  0.97744424820023978     
         114         116  0.98093503690026784     
         114         117  0.99982310063051882     
         117         118  0.98098888898320513     
         117         119  0.97539139645001527     
          78         120   1.0194272086685208     
         120         121  0.97359748334223428     
         120         122  0.97535937107859938     
         120         123  0.97920158532476820     
         123         124  0.97864165083721699     
         123         125  0.98144127780585544     
         123         126   1.0007346955025069     
         126         127  0.97775063550674712     
         126         128  0.97912784349897763     
         108         129   1.0090508423358500     
         129         130  0.96989179855415009     
         129         131  0.97619990539290169     
         129         132  0.98560846584652928     
         132         133  0.98115132342646894     
         132         134  0.97853567310027145     
         132         135   1.0020798013628434     
         135         136  0.97950557948346706     
         135         137  0.97299713516415520     
          88         138  0.99394253044337333     
         138         139  0.95996625303379290     
         138         140  0.97583507168037353     
         138         141  0.99677973698790123     
         141         142  0.97884421757646112     
         141         143  0.97425034557250911     
         141         144   1.0077743967550472     
         144         145  0.97547601140436835     
         144         146  0.98053665796461298     
         126         147   1.0043909638387079     
         147         148  0.97874090706174444     
         147         149  0.97626521863918458     
         144         150  0.99904485102725971     
         150         151  0.97940719335462900     
         150         152  0.98202838034711848     
         135         153   1.0118556621991048     
         153         154  0.97933276002517711     
         153         155  0.97820942462957083     
         117         156   1.0070071646812155     
         156         157  0.97614575695487094     
         156         158  0.97236724563313714     
         153         159  0.99176967067492405     
         159         160  0.98498041152398808     
         159         161  0.98608118651455123     
         150         162   1.0010241609485222     
         162         163  0.97658871861063479     
         162         164  0.98032426689757290     
         147         165   1.0044749353009184     
         165         166  0.98382658096616060     
         165         167  0.97523063756444628     
         156         168  0.98949231734366139     
         168         169  0.98396497726441090     
         168         170  0.97795517218115613     
         165         171   1.0164833025362443     
         171         172  0.98728473231641545     
         171         173  0.98367109165113997     
         171         174  0.98711442723205611     
         162         175   1.0249039028998659     
         175         176  0.98269939849982224     
         175         177  0.98534193783675550     
         175         178  0.98141426420721145     
         159         179   1.0123331515420724     
         179         180  0.99134261983839278     
         179         181  0.98574864136173235     
         179         182  0.98611262651325315     
         168         183   1.0272561799424800     
         183         184  0.98475480420209471     
         183         185  0.98313524546717679     
         183         186  0.98502939952928859     
         187         188   1.4499994940510936     
         188         189   1.3090639176949228     
         189         190   1.3381537787046838     
         190         191   1.4638570288980814     
         187         192   1.3378294804398032     
         191         192   1.2759503312830953     
         187         193  0.97007207895709746     
         190         194  0.96733953902488745     
         188         195  0.98397628626232525     
         195         196  0.97838045822206265     
         189         197   1.1365141472186859     
         196         197   1.4492929202014375     
         196         198   1.2634791436273052     
         198         199   1.3416613467753666     
         197         200   1.1387022299388390     
         199         200   1.0420348364407834     
         191         201  0.97573732437314953     
         201         202  0.98680315917567041     
         192         203   1.1679816996615693     
         202         203   1.4158220188434767     
         202         204   1.2846862704165001     
         204         205   1.3014660773617626     
         203         206   1.1337110812673201     
         205         206   1.0918637155090718     
         199         207   1.3811559954886570     
         198         208   1.1118382778131737     
         204         209   1.1368540714440840     
         205         210   1.3447040829254895     
         207         211   1.4384378181355053     
         208         211   1.0590406399171888     
         209         212   1.0448037101219465     
         210         212   1.4574409034046603     
         207         213  0.95922597028480561     
         210         214  0.96181650231984794     
         212         215   1.2275543512650329     
         215         216   1.5505476796891828     
         216         217   1.0021301410029628     
         216         218   1.1654926553231968     
         217         219   1.0697029396541187     
         217         220   1.6790210880682253     
         218         221   1.0768530980169229     
         219         221   1.2815800529401262     
         218         222   1.4336660015514098     
         219         223   1.4214539597780707     
         221         224   1.4039354156743316     
         222         225   1.1492630667779555     
         222         226   1.1085786343947817     
         221         227  0.10066340745762857     
         223         227   1.4079491459749249     
         223         228  0.96931965804752551     
         224         229   1.4359821929427228     
         227         229   1.4357289359336882     
         224         230  0.96872065817402853     
         218         231  0.10424880162540578     
         225         231   2.7377561545465476     
         226         232   2.7786535779229564     
         227         233  0.97449558441122397     
         229         234  0.97220912672661219     
         215         235  0.94947110802318146     
         211         236   1.2215000248661780     
         236         237   1.5531227305019419     
         237         238   1.0015036540614817     
         237         239   1.1410072420349902     
         238         240   1.0298310174844771     
         238         241   1.7200171776164446     
         239         242   1.0737252869290987     
         240         242   1.3204207215251968     
         239         243   1.5241537075568934     
         240         244   1.4136111767923880     
         242         245   1.3646547865734040     
         243         246   1.0619422905071014     
         243         247   1.0828271785836914     
         242         248  0.10725386758981582     
         244         248   1.4285877949588992     
         244         249  0.97108133009628417     
         245         250   1.4762813892376374     
         248         250   1.4032117699291697     
         245         251  0.97270591453138078     
         246         252   2.8080987785887488     
         247         253   2.7901740488205715     
         248         254  0.97669576698385230     
         250         255  0.96997446309692092     
         236         256  0.95943985725310477     
         201         257  0.95719261633896879     
         257         258   1.4297823651964492     
         257         259   1.3746560078676455     
         258         260   1.4200191592868650     
         259         260  0.10243994165591325     
         258         261  0.97086701264693076     
         258         262  0.10681215364396882     
         259         262   1.4927098073501415     
         259         263  0.96135473023231788     
         257         264  0.11360605031307539     
         260         264   1.4459240482950340     
         262         264   1.3682020901281224     
         260         265  0.97198313403991210     
         262         266  0.97417369993947689     
         195         267  0.93198652505015511     
         267         268   1.4225937070762815     
         267         269   1.4230796773937182     
         268         270   1.4141868774505499     
         269         270  0.11862151124733725     
         268         271  0.97628530020082394     
         268         272  0.11753779360069126     
         269         272   1.4217905889257632     
         269         273  0.97506555140533524     
         270         274   1.4339443931705136     
         272         274   1.4328967096964107     
         270         275  0.97246256952732757     
         272         276  0.96999616886966789     
         195         277  0.95030654896565292     
         277         278   1.4630935409994867     
         277         279   1.3522408882173071     
         278         280   1.3824632330698554     
         279         280  0.10566606133052150     
         278         281  0.96887056774689373     
         278         282  0.10735097360729827     
         279         282   1.5113289686356350     
         279         283  0.96770517755367325     
         277         284  0.10578521210748998     
         280         284   1.4713597327800976     
         282         284   1.3535531958942311     
         280         285  0.97362883713867854     
         282         286  0.97124102011164404     
         201         287  0.93715709877458708     
         287         288   1.4147085423225432     
         287         289   1.4189799749528489     
         288         290   1.4581496457392900     
         289         290  0.12935518318995284     
         288         291  0.97146679432569649     
         289         292   1.4073787772710331     
         289         293  0.97816068262618183     
         290         294   1.3702716832997748     
         292         294   1.4734874048844777     
         290         295  0.97240073305767183     
         292         296  0.96673848928595396     
         284         297   1.0079450251832167     
         297         298  0.97902330966909634     
         297         299  0.97263343989116302     
         297         300  0.98119350411605033     
         300         301  0.97606061104451580     
         300         302  0.98108367566782451     
         300         303   1.0019755076645855     
         303         304  0.97474955867648272     
         303         305  0.98056873264932043     
         264         306  0.99634998344839398     
         306         307  0.96442629316652062     
         306         308  0.98087109877626766     
         306         309  0.99289203661067738     
         309         310  0.97951567429543185     
         309         311  0.97945922824427456     
         309         312  0.99319452205039183     
         312         313  0.98104174263832877     
         312         314  0.97684668506836847     
         294         315  0.99850345269885854     
         315         316  0.96908294118578098     
         315         317  0.96892411597631056     
         315         318  0.99877428542302571     
         318         319  0.97750459484289232     
         318         320  0.98028517224675149     
         318         321   1.0041582467290044     
         321         322  0.98272376910520298     
         321         323  0.98252116484714136     
         274         324  0.98723366139376301     
         324         325  0.97726702658717135     
         324         326  0.97337142455555592     
         324         327  0.99227596640967219     
         327         328  0.97732454261502499     
         327         329  0.98171029336120508     
         327         330   1.0060104971042543     
         330         331  0.97605027046031323     
         330         332  0.98051122768252219     
         312         333   1.0088678548741248     
         333         334  0.97421193861281563     
         333         335  0.97703053588993016     
         330         336  0.99895644931023764     
         336         337  0.97705545620218204     
         336         338  0.97630544684894949     
         321         339  0.99667570986174892     
         339         340  0.98363246786502911     
         339         341  0.98089408396383682     
         303         342   1.0076997515288444     
         342         343  0.97798449886490468     
         342         344  0.97845740923943436     
         339         345  0.99937509212784814     
         345         346  0.97742050439580785     
         345         347  0.98459386993945219     
         336         348   1.0153418942652548     
         348         349  0.97521719765575055     
         348         350  0.97949258315562227     
         333         351  0.99799854723350589     
         351         352  0.97517925446401710     
         351         353  0.97916385996682309     
         342         354  0.98593869735636919     
         354         355  0.98034251194611199     
         354         356  0.97532060250698316     
         351         357   1.0265204949031352     
         357         358  0.98168279657903268     
         357         359  0.98940416011884402     
         357         360  0.97872236361744025     
         348         361   1.0107921857855895     
         361         362  0.98798263288773525     
         361         363  0.98764522284600720     
         361         364  0.98735824397485139     
         345         365   1.0183536444128254     
         365         366  0.98644864097855012     
         365         367  0.98858359010867480     
         365         368  0.98614893736598463     
         354         369   1.0268461934392583     
         369         370  0.98423120254087226     
         369         371  0.98171822167896494     
         369         372  0.98356717132394322     
